2105840290 0.0415 0.0096 0.0023 0.0329 0.044 0.0004 0.0059 0.0028 0.0 0.0011 0.0025 0.0283 0.0039 0.0084 0.1715 0.0073 0.0107 0.0018 0.0428 0.0517 0.0085 0.1335 0.0125 0.3617 0.0144
1648295774 0.0 0.0 0.0 0.0046 0.0 0.0 0.0 0.0 0.0 0.0 0.0 0.0019 0.0 0.0 0.0 0.0 0.0 0.0 0.0 0.0 0.0 0.0 0.0 0.9935 0.0
1661649157 0.0 0.0 0.0 0.0068 0.0 0.0 0.0 0.0 0.0 0.0 0.0 0.0031 0.0 0.0 0.0 0.0 0.0 0.0 0.0 0.0 0.0 0.0 0.0 0.9901 0.0
1609057747 0.038 0.0115 0.0017 0.0299 0.0479 0.0003 0.0075 0.0033 0.0001 0.0002 0.0008 0.0298 0.0048 0.0132 0.1393 0.0023 0.0159 0.0018 0.0533 0.0475 0.0119 0.1559 0.0065 0.366 0.0108
1548360355 0.034 0.0097 0.0032 0.0531 0.0317 0.0013 0.0047 0.0041 0.0 0.0005 0.0011 0.0335 0.0058 0.0044 0.1824 0.0056 0.0107 0.0013 0.0314 0.0404 0.0077 0.1266 0.0079 0.3941 0.0048
1252920481 0.0368 0.0166 0.0027 0.0417 0.0495 0.0002 0.0074 0.0025 0.0 0.001 0.0014 0.045 0.0082 0.0033 0.1538 0.0035 0.0203 0.0021 0.0795 0.0678 0.0166 0.1752 0.014 0.2421 0.0088
1408768271 0.0 0.0 0.0 0.008 0.0 0.0 0.0 0.0 0.0 0.0 0.0 0.0013 0.0 0.0 0.0 0.0 0.0 0.0 0.0 0.0 0.0 0.0 0.0 0.9907 0.0
1456274411 0.0457 0.014 0.002 0.0265 0.0441 0.0001 0.0085 0.0054 0.0001 0.0007 0.0011 0.0303 0.0061 0.0072 0.1793 0.0048 0.0145 0.0022 0.0373 0.0471 0.0124 0.1565 0.0071 0.3371 0.0099
2286988241 0.0379 0.0135 0.002 0.0378 0.0505 0.0003 0.0064 0.005 0.0 0.0011 0.0018 0.0299 0.0062 0.011 0.1741 0.0035 0.0173 0.0029 0.046 0.0608 0.0081 0.1618 0.0119 0.2965 0.0137
1862520850 0.0498 0.0122 0.0011 0.0635 0.0317 0.0011 0.0085 0.0017 0.0 0.0 0.0015 0.0991 0.0022 0.0002 0.2336 0.0035 0.0113 0.0002 0.017 0.0285 0.0083 0.1489 0.0067 0.266 0.0035
2017464763 0.0342 0.0134 0.0024 0.0152 0.0553 0.001 0.0042 0.0037 0.0 0.0007 0.0013 0.0326 0.0103 0.0029 0.1579 0.004 0.0117 0.0026 0.082 0.0619 0.013 0.1907 0.0085 0.2809 0.0096
2710281832 0.0292 0.011 0.0018 0.0436 0.04 0.0002 0.0052 0.0033 0.0 0.0003 0.0016 0.0343 0.0048 0.0044 0.1593 0.0046 0.0152 0.0018 0.0621 0.0434 0.0143 0.1367 0.0093 0.3658 0.0076
2123825853 0.0 0.0 0.0 0.0044 0.0 0.0 0.0 0.0 0.0 0.0 0.0 0.0031 0.0 0.0 0.0 0.0 0.0 0.0 0.0 0.0 0.0 0.0 0.0 0.9924 0.0
1737523957 0.0 0.0 0.0 0.0183 0.0 0.0 0.0 0.0 0.0 0.0 0.0 0.0033 0.0 0.0 0.0 0.0 0.0 0.0 0.0 0.0 0.0 0.0 0.0 0.9784 0.0
2802105852 0.0386 0.012 0.0014 0.0343 0.0503 0.0 0.0077 0.0051 0.0 0.0029 0.0014 0.0332 0.0094 0.0037 0.1732 0.0017 0.0103 0.0011 0.0486 0.0432 0.0051 0.1681 0.0132 0.3228 0.0126
2794392654 0.0453 0.0155 0.0039 0.026 0.0581 0.0 0.0063 0.0042 0.0 0.0009 0.0019 0.0378 0.0073 0.0058 0.1722 0.0039 0.0188 0.003 0.078 0.0575 0.0108 0.1677 0.0128 0.2555 0.0067
1653268692 0.0 0.0 0.0 0.0044 0.0 0.0 0.0 0.0 0.0 0.0 0.0 0.0028 0.0 0.0 0.0 0.0 0.0 0.0 0.0 0.0 0.0 0.0 0.0 0.9928 0.0
1434452662 0.0355 0.0094 0.0021 0.039 0.0454 0.0003 0.0055 0.003 0.0 0.0005 0.0025 0.026 0.0049 0.0104 0.1553 0.0035 0.013 0.0017 0.0549 0.0515 0.0085 0.1461 0.0117 0.3557 0.0138
2720583420 0.0368 0.0123 0.0061 0.0613 0.0588 0.0 0.0086 0.0 0.0 0.0012 0.0 0.06 0.0049 0.0025 0.1887 0.0049 0.0233 0.0 0.0674 0.0502 0.0049 0.1409 0.0049 0.2586 0.0037
2104429390 0.0 0.0 0.0 0.0088 0.0 0.0 0.0 0.0 0.0 0.0 0.0 0.0028 0.0 0.0 0.0 0.0 0.0 0.0 0.0 0.0 0.0 0.0 0.0 0.9884 0.0
1858533782 0.0366 0.0145 0.0022 0.0268 0.0538 0.0 0.0055 0.0033 0.0 0.0004 0.0024 0.022 0.006 0.0038 0.1523 0.0043 0.0155 0.0019 0.0626 0.0537 0.0124 0.1776 0.0126 0.3186 0.0113
2133055865 0.0244 0.0047 0.0009 0.0349 0.0243 0.0002 0.0088 0.0015 0.0 0.0003 0.0006 0.0326 0.0021 0.0078 0.1857 0.002 0.0051 0.0009 0.0294 0.0274 0.0032 0.1788 0.0106 0.4024 0.0115
2018916095 0.0 0.0 0.0 0.0091 0.0 0.0 0.0 0.0 0.0 0.0 0.0 0.0026 0.0 0.0 0.0 0.0 0.0 0.0 0.0 0.0 0.0 0.0 0.0 0.9883 0.0
1751202101 0.033 0.0129 0.0018 0.0321 0.0458 0.0006 0.0082 0.0031 0.0 0.0006 0.0025 0.0222 0.0037 0.0099 0.1764 0.0039 0.0117 0.002 0.0419 0.0512 0.0099 0.1374 0.0132 0.3661 0.0098
1043714862 0.0445 0.0181 0.0032 0.033 0.0441 0.0008 0.0092 0.0043 0.0 0.0006 0.0046 0.0334 0.0053 0.003 0.1856 0.0042 0.021 0.002 0.0461 0.0453 0.0098 0.1634 0.0055 0.308 0.005
1732181991 0.0453 0.015 0.0036 0.0088 0.0606 0.0007 0.009 0.0049 0.0001 0.0004 0.0028 0.032 0.0063 0.0035 0.1759 0.0041 0.0191 0.0047 0.0779 0.0728 0.0139 0.1936 0.0108 0.2169 0.0174
1895567924 0.0 0.0 0.0 0.0088 0.0 0.0 0.0 0.0 0.0 0.0 0.0 0.0014 0.0 0.0 0.0 0.0 0.0 0.0 0.0 0.0 0.0 0.0 0.0 0.9897 0.0
1251872852 0.0291 0.0146 0.0021 0.0118 0.0609 0.0003 0.0106 0.0048 0.0 0.0 0.0011 0.0366 0.0078 0.0018 0.136 0.0057 0.0269 0.0054 0.0994 0.0728 0.0154 0.2088 0.0164 0.1996 0.032
1359802552 0.0463 0.0145 0.0033 0.0323 0.0502 0.0002 0.0084 0.0054 0.0 0.0007 0.0014 0.0426 0.0057 0.0017 0.1828 0.0038 0.0173 0.0027 0.0503 0.0478 0.012 0.1715 0.0112 0.2806 0.0073
2436081424 0.0347 0.0112 0.0015 0.0584 0.0442 0.0 0.0048 0.0045 0.0 0.0002 0.0006 0.0444 0.003 0.0021 0.1464 0.0022 0.0101 0.0006 0.0541 0.0352 0.0048 0.1499 0.0088 0.3716 0.0069
1679727130 0.0314 0.0169 0.0023 0.0436 0.0477 0.0004 0.0088 0.0062 0.0001 0.0013 0.0009 0.0391 0.0068 0.0038 0.1787 0.0045 0.0148 0.0024 0.048 0.0656 0.0128 0.154 0.0121 0.2903 0.0073
1747883873 0.0372 0.0108 0.0026 0.038 0.0382 0.0004 0.007 0.0042 0.0 0.0006 0.0031 0.0256 0.005 0.0072 0.1903 0.0037 0.0107 0.0019 0.0334 0.0394 0.0062 0.1319 0.0087 0.3839 0.0103
1677321184 0.0315 0.019 0.0021 0.0418 0.0521 0.0003 0.0079 0.0031 0.0001 0.0012 0.0011 0.0381 0.0061 0.0036 0.1718 0.0025 0.0163 0.0024 0.0447 0.064 0.0136 0.16 0.0096 0.2982 0.0092
1838160764 0.0599 0.0095 0.0027 0.0231 0.0522 0.0 0.0066 0.0072 0.0 0.0004 0.0002 0.0286 0.0036 0.0038 0.191 0.0059 0.0137 0.0017 0.0486 0.0472 0.011 0.1753 0.0099 0.2902 0.0076
1763526820 0.057 0.0139 0.0017 0.0353 0.0485 0.0015 0.0065 0.0045 0.0001 0.0007 0.0012 0.0339 0.0062 0.0024 0.189 0.0036 0.0107 0.0016 0.0388 0.045 0.0116 0.1706 0.0105 0.2955 0.0095
2423775822 0.031 0.0124 0.0021 0.0769 0.0552 0.0 0.0093 0.0036 0.0 0.0005 0.001 0.0372 0.0041 0.0021 0.1766 0.001 0.0139 0.0015 0.047 0.0496 0.0067 0.1306 0.0114 0.3196 0.0067
1904157933 0.0447 0.0074 0.0037 0.0483 0.037 0.0005 0.0053 0.0038 0.0001 0.0005 0.002 0.03 0.0044 0.0086 0.1831 0.0039 0.0116 0.0017 0.0394 0.0394 0.0056 0.1231 0.009 0.3787 0.0083
1655972054 0.0273 0.0146 0.003 0.0439 0.0469 0.0002 0.008 0.0025 0.0 0.0005 0.0015 0.0337 0.0055 0.0053 0.1661 0.0059 0.0133 0.0015 0.0551 0.0505 0.0086 0.1585 0.013 0.3249 0.0096
2731799325 0.0 0.0 0.0 0.0052 0.0 0.0 0.0 0.0 0.0 0.0 0.0 0.0028 0.0 0.0 0.0 0.0 0.0 0.0 0.0 0.0 0.0 0.0 0.0 0.992 0.0
1830691854 0.0 0.0 0.0 0.0083 0.0 0.0 0.0 0.0 0.0 0.0 0.0 0.0034 0.0 0.0 0.0 0.0 0.0 0.0 0.0 0.0 0.0 0.0 0.0 0.9883 0.0
2334940631 0.0575 0.0132 0.0016 0.0207 0.0395 0.0 0.0038 0.0026 0.0 0.0005 0.0015 0.0275 0.0067 0.0022 0.1871 0.0049 0.0143 0.0044 0.0705 0.0441 0.0072 0.1676 0.0107 0.3049 0.0072
1662715212 0.0368 0.0104 0.0023 0.0626 0.0465 0.0001 0.0044 0.002 0.0 0.0004 0.0045 0.0313 0.0071 0.006 0.1407 0.0044 0.0113 0.002 0.0577 0.0449 0.0064 0.1436 0.0098 0.3581 0.0067
3076483554 0.0 0.0 0.0 0.0065 0.0 0.0 0.0 0.0 0.0 0.0 0.0 0.0022 0.0 0.0 0.0 0.0 0.0 0.0 0.0 0.0 0.0 0.0 0.0 0.9914 0.0
1770195893 0.0 0.0 0.0 0.0084 0.0 0.0 0.0 0.0 0.0 0.0 0.0 0.0063 0.0 0.0 0.0 0.0 0.0 0.0 0.0 0.0 0.0 0.0 0.0 0.9853 0.0
1761805301 0.0 0.0 0.0 0.0141 0.0 0.0 0.0 0.0 0.0 0.0 0.0 0.0031 0.0 0.0 0.0 0.0 0.0 0.0 0.0 0.0 0.0 0.0 0.0 0.9828 0.0
1936274983 0.0 0.0 0.0 0.0153 0.0 0.0 0.0 0.0 0.0 0.0 0.0 0.0022 0.0 0.0 0.0 0.0 0.0 0.0 0.0 0.0 0.0 0.0 0.0 0.9825 0.0
1750504415 0.0342 0.0111 0.0013 0.0499 0.0342 0.0002 0.0067 0.004 0.0 0.0008 0.0012 0.0272 0.007 0.0186 0.1659 0.0035 0.0161 0.0014 0.0499 0.0336 0.0064 0.1353 0.0139 0.3685 0.0091
1599931715 0.0 0.0 0.0 0.0085 0.0 0.0 0.0 0.0 0.0 0.0 0.0 0.0031 0.0 0.0 0.0 0.0 0.0 0.0 0.0 0.0 0.0 0.0 0.0 0.9884 0.0
1771500093 0.0 0.0 0.0 0.0127 0.0 0.0 0.0 0.0 0.0 0.0 0.0 0.002 0.0 0.0 0.0 0.0 0.0 0.0 0.0 0.0 0.0 0.0 0.0 0.9853 0.0
1648415385 0.0329 0.0158 0.0031 0.0329 0.0528 0.0008 0.0086 0.0031 0.0 0.0003 0.0025 0.0341 0.0052 0.0084 0.1628 0.0055 0.0127 0.0017 0.0508 0.0496 0.0111 0.1473 0.0132 0.3356 0.0093
2251371991 0.0328 0.0085 0.0031 0.0561 0.0339 0.0006 0.0043 0.0047 0.0 0.0008 0.0038 0.0494 0.0057 0.0052 0.1751 0.004 0.0161 0.0012 0.045 0.04 0.0073 0.1318 0.0084 0.3569 0.0053
2606492717 0.0339 0.0249 0.0037 0.0091 0.0533 0.0 0.0114 0.0033 0.0 0.0007 0.0018 0.0384 0.0068 0.0004 0.2046 0.0051 0.0218 0.0065 0.0598 0.0723 0.0172 0.187 0.0054 0.2256 0.007
2473001101 0.0368 0.0101 0.0022 0.0315 0.0477 0.0003 0.0093 0.0058 0.0 0.0006 0.0012 0.0431 0.0051 0.0027 0.1705 0.0048 0.0136 0.0024 0.0682 0.0632 0.0129 0.1622 0.0144 0.2804 0.0111
2033679162 0.057 0.0199 0.0085 0.0883 0.0456 0.0 0.0 0.0142 0.0 0.0 0.0 0.0342 0.0 0.0 0.1396 0.0 0.0085 0.0028 0.0627 0.0513 0.0199 0.1481 0.0085 0.2877 0.0028
1633613221 0.0 0.0 0.0 0.0144 0.0 0.0 0.0 0.0 0.0 0.0 0.0 0.0024 0.0 0.0 0.0 0.0 0.0 0.0 0.0 0.0 0.0 0.0 0.0 0.9831 0.0
1828722893 0.0369 0.0149 0.002 0.0546 0.0477 0.0004 0.0079 0.006 0.0001 0.0008 0.0016 0.0225 0.0055 0.0079 0.158 0.0036 0.0142 0.0024 0.0483 0.0512 0.0089 0.1356 0.006 0.3553 0.008
1688375350 0.0 0.0 0.0 0.019 0.0 0.0 0.0 0.0 0.0 0.0 0.0 0.0042 0.0 0.0 0.0 0.0 0.0 0.0 0.0 0.0 0.0 0.0 0.0 0.9768 0.0
1876803115 0.0 0.0 0.0 0.0144 0.0 0.0 0.0 0.0 0.0 0.0 0.0 0.0031 0.0 0.0 0.0 0.0 0.0 0.0 0.0 0.0 0.0 0.0 0.0 0.9824 0.0
1233100372 0.0317 0.013 0.0025 0.0512 0.0526 0.001 0.0072 0.0056 0.0 0.001 0.0025 0.0341 0.0075 0.0045 0.1706 0.0055 0.0171 0.0025 0.0462 0.0502 0.0134 0.1586 0.0106 0.2999 0.0109
2397001945 0.0352 0.0152 0.0023 0.0456 0.0476 0.0002 0.0069 0.0044 0.0 0.0016 0.0011 0.0402 0.0052 0.0101 0.1484 0.0041 0.0165 0.0022 0.0539 0.0539 0.0181 0.154 0.0117 0.3119 0.0097
1464454905 0.0282 0.0117 0.0057 0.0226 0.0395 0.0008 0.0063 0.0036 0.0 0.0005 0.0017 0.026 0.0049 0.0083 0.1921 0.0062 0.0131 0.0028 0.0414 0.0456 0.0072 0.1402 0.0115 0.3665 0.0136
1776504353 0.0336 0.0157 0.003 0.0203 0.0532 0.0004 0.0073 0.006 0.0 0.0012 0.0017 0.026 0.0074 0.0039 0.1526 0.0052 0.0156 0.0027 0.0529 0.0535 0.0114 0.1654 0.0131 0.3382 0.0097
1885153555 0.0 0.0 0.0 0.0146 0.0 0.0 0.0 0.0 0.0 0.0 0.0 0.0031 0.0 0.0 0.0 0.0 0.0 0.0 0.0 0.0 0.0 0.0 0.0 0.9823 0.0
1773460501 0.0436 0.0091 0.0043 0.0224 0.0359 0.0002 0.0024 0.002 0.0 0.0013 0.0024 0.0281 0.0054 0.0148 0.1624 0.0044 0.012 0.0018 0.0435 0.0564 0.0102 0.1712 0.0307 0.3286 0.007
1804183753 0.0473 0.0056 0.0056 0.0537 0.0431 0.0 0.0085 0.0021 0.0 0.0 0.0035 0.0367 0.0071 0.0099 0.19 0.0056 0.0134 0.0007 0.0381 0.0593 0.0092 0.1299 0.0078 0.3143 0.0085
1443494645 0.0638 0.0 0.0 0.1064 0.0426 0.0 0.0 0.0 0.0 0.0 0.0 0.0426 0.0 0.0 0.1064 0.0 0.0 0.0 0.0638 0.0426 0.0 0.1489 0.0 0.383 0.0
2946708333 0.0463 0.0152 0.003 0.0478 0.0584 0.0 0.0046 0.0091 0.0 0.0 0.0023 0.0387 0.0076 0.0068 0.1487 0.0038 0.0167 0.0023 0.0607 0.0569 0.0068 0.1593 0.0175 0.28 0.0076
1743478485 0.03 0.0112 0.0033 0.0304 0.0435 0.0005 0.0087 0.004 0.0 0.0017 0.0027 0.0409 0.0075 0.0019 0.2154 0.0054 0.016 0.0026 0.043 0.0425 0.0119 0.1486 0.0092 0.3132 0.0056
1787076481 0.029 0.0163 0.0023 0.0745 0.0445 0.0004 0.0077 0.0029 0.0002 0.001 0.0015 0.037 0.0046 0.0055 0.1477 0.0039 0.0174 0.0016 0.0409 0.0467 0.0074 0.1339 0.0087 0.3588 0.0058
1407109764 0.0 0.0 0.0 0.0136 0.0 0.0 0.0 0.0 0.0 0.0 0.0 0.0059 0.0 0.0 0.0 0.0 0.0 0.0 0.0 0.0 0.0 0.0 0.0 0.9805 0.0
1680732690 0.0 0.0 0.0 0.0154 0.0 0.0 0.0 0.0 0.0 0.0 0.0 0.0019 0.0 0.0 0.0 0.0 0.0 0.0 0.0 0.0 0.0 0.0 0.0 0.9827 0.0
1960339970 0.0 0.0 0.0 0.0082 0.0 0.0 0.0 0.0 0.0 0.0 0.0 0.0024 0.0 0.0 0.0 0.0 0.0 0.0 0.0 0.0 0.0 0.0 0.0 0.9894 0.0
1580487861 0.0 0.0 0.0 0.0087 0.0 0.0 0.0 0.0 0.0 0.0 0.0 0.002 0.0 0.0 0.0 0.0 0.0 0.0 0.0 0.0 0.0 0.0 0.0 0.9893 0.0
2190282631 0.0466 0.0079 0.0019 0.0393 0.0404 0.0014 0.0033 0.0021 0.0 0.0006 0.0011 0.0413 0.0043 0.0086 0.1585 0.0049 0.0102 0.001 0.0482 0.039 0.0138 0.1468 0.0114 0.3609 0.0066
1043714862 0.0445 0.0181 0.0032 0.033 0.0441 0.0008 0.0092 0.0043 0.0 0.0006 0.0046 0.0334 0.0053 0.003 0.1856 0.0042 0.021 0.002 0.0461 0.0453 0.0098 0.1634 0.0055 0.308 0.005
1958517085 0.0534 0.0053 0.0028 0.0702 0.0314 0.0007 0.0057 0.0033 0.0 0.0004 0.0007 0.0297 0.0046 0.0038 0.1783 0.003 0.0115 0.0011 0.0388 0.0331 0.0087 0.1291 0.01 0.3602 0.014
1712182854 0.0 0.0 0.0 0.0088 0.0 0.0 0.0 0.0 0.0 0.0 0.0 0.0022 0.0 0.0 0.0 0.0 0.0 0.0 0.0 0.0 0.0 0.0 0.0 0.989 0.0
1712853791 0.0582 0.0132 0.0012 0.0391 0.0436 0.0 0.0059 0.0059 0.0 0.0006 0.0014 0.0308 0.0055 0.0101 0.1718 0.003 0.0108 0.0018 0.0383 0.0434 0.0069 0.173 0.0075 0.3183 0.0095
1882965794 0.0323 0.0146 0.0019 0.0657 0.0445 0.0001 0.0075 0.0042 0.0 0.0008 0.0016 0.0302 0.0048 0.0039 0.1599 0.0059 0.0162 0.0025 0.0514 0.0537 0.0101 0.1515 0.0108 0.3184 0.0076
3224282240 0.0245 0.041 0.0004 0.0137 0.0724 0.0 0.0064 0.0052 0.0 0.0008 0.0008 0.031 0.0056 0.0 0.1356 0.0016 0.0274 0.004 0.1118 0.0756 0.006 0.1854 0.0064 0.2422 0.002
2465515645 0.0639 0.0185 0.0043 0.0152 0.0402 0.0001 0.0043 0.0047 0.0 0.0008 0.0004 0.0336 0.0044 0.0041 0.186 0.0024 0.011 0.0027 0.0508 0.0411 0.0084 0.1753 0.0037 0.3164 0.0075
1919595052 0.0483 0.0166 0.002 0.0199 0.0518 0.0002 0.0077 0.005 0.0 0.0 0.0012 0.0328 0.0058 0.002 0.1724 0.003 0.0171 0.0017 0.0759 0.0531 0.0083 0.173 0.0046 0.2918 0.0056
1751036990 0.0 0.0 0.0 0.0147 0.0 0.0 0.0 0.0 0.0 0.0 0.0 0.0036 0.0 0.0 0.0 0.0 0.0 0.0 0.0 0.0 0.0 0.0 0.0 0.9817 0.0
1757908391 0.0302 0.0104 0.002 0.0556 0.0367 0.0005 0.0059 0.0038 0.0 0.0005 0.0025 0.0315 0.0043 0.0046 0.1771 0.0038 0.0156 0.0019 0.0386 0.0419 0.0102 0.1338 0.0095 0.3708 0.0084
1775300480 0.0 0.0 0.0 0.005 0.0 0.0 0.0 0.0 0.0 0.0 0.0 0.0014 0.0 0.0 0.0 0.0 0.0 0.0 0.0 0.0 0.0 0.0 0.0 0.9935 0.0
1704713670 0.0395 0.0138 0.0025 0.0173 0.0409 0.0006 0.0058 0.0025 0.0 0.0004 0.0035 0.043 0.0075 0.0129 0.1942 0.0048 0.0123 0.0017 0.0503 0.0518 0.0106 0.1347 0.0177 0.3199 0.0115
1803769512 0.0387 0.0208 0.0031 0.0211 0.0548 0.0005 0.0075 0.0048 0.0 0.0006 0.0018 0.0318 0.007 0.0097 0.1792 0.0051 0.0176 0.0018 0.0547 0.0538 0.0092 0.1656 0.0085 0.2936 0.0086
1756337785 0.0 0.0 0.0 0.0115 0.0 0.0 0.0 0.0 0.0 0.0 0.0 0.0024 0.0 0.0 0.0 0.0 0.0 0.0 0.0 0.0 0.0 0.0 0.0 0.9861 0.0
1668903602 0.0437 0.0088 0.0023 0.0301 0.0338 0.0018 0.0045 0.0033 0.0001 0.0009 0.0116 0.0346 0.0038 0.0058 0.1678 0.0082 0.0173 0.0018 0.0403 0.0384 0.0084 0.1683 0.0085 0.348 0.0082
2199004523 0.025 0.0117 0.0026 0.0493 0.047 0.0053 0.008 0.0031 0.0 0.0006 0.0018 0.0382 0.003 0.0057 0.1692 0.0046 0.0128 0.0018 0.05 0.048 0.0104 0.148 0.0113 0.3362 0.0066
1803638032 0.0 0.0 0.0 0.0264 0.0 0.0 0.0 0.0 0.0 0.0 0.0 0.0028 0.0 0.0 0.0 0.0 0.0 0.0 0.0 0.0 0.0 0.0 0.0 0.9707 0.0
2141693493 0.0 0.0 0.0 0.0109 0.0 0.0 0.0 0.0 0.0 0.0 0.0 0.0034 0.0 0.0 0.0 0.0 0.0 0.0 0.0 0.0 0.0 0.0 0.0 0.9857 0.0
2178620442 0.0315 0.0082 0.0025 0.0595 0.0381 0.0018 0.007 0.0026 0.0 0.0008 0.0035 0.034 0.0043 0.0087 0.1566 0.005 0.0143 0.0026 0.0468 0.0432 0.008 0.1351 0.0137 0.3556 0.0165
1692683943 0.0398 0.0137 0.0019 0.0417 0.0442 0.0006 0.0068 0.0036 0.0001 0.0005 0.0046 0.0296 0.0054 0.0034 0.1724 0.0021 0.0126 0.0021 0.0471 0.0484 0.0101 0.1427 0.0105 0.3459 0.0103
1689288824 0.0 0.0 0.0 0.0166 0.0 0.0 0.0 0.0 0.0 0.0 0.0 0.0021 0.0 0.0 0.0 0.0 0.0 0.0 0.0 0.0 0.0 0.0 0.0 0.9813 0.0
1752437327 0.0 0.0 0.0 0.0133 0.0 0.0 0.0 0.0 0.0 0.0 0.0 0.0038 0.0 0.0 0.0 0.0 0.0 0.0 0.0 0.0 0.0 0.0 0.0 0.9829 0.0
1534876013 0.0 0.0 0.0 0.006 0.0 0.0 0.0 0.0 0.0 0.0 0.0 0.0026 0.0 0.0 0.0 0.0 0.0 0.0 0.0 0.0 0.0 0.0 0.0 0.9915 0.0
1669606121 0.0298 0.0076 0.0022 0.0426 0.0311 0.0011 0.0078 0.0031 0.0 0.0006 0.0025 0.0278 0.0041 0.0103 0.1775 0.0039 0.0093 0.0013 0.0294 0.0417 0.0137 0.1234 0.0087 0.4112 0.0094
2276180091 0.0312 0.0134 0.0024 0.0298 0.0428 0.0003 0.0073 0.0055 0.0002 0.0002 0.0015 0.0369 0.008 0.0048 0.2194 0.0038 0.0217 0.0025 0.0389 0.0456 0.0091 0.1529 0.0058 0.3086 0.0075
2869292020 0.0323 0.0171 0.0034 0.0606 0.0566 0.0 0.0065 0.0019 0.0 0.0012 0.004 0.0559 0.0056 0.004 0.1554 0.004 0.0112 0.0016 0.051 0.0426 0.0115 0.1622 0.0115 0.2884 0.0115
1657208342 0.0445 0.0064 0.003 0.0252 0.037 0.0008 0.0079 0.002 0.0002 0.0004 0.0012 0.0324 0.0046 0.0032 0.2168 0.0034 0.0223 0.0006 0.0469 0.0407 0.0111 0.1329 0.0083 0.3411 0.007
1399708472 0.0 0.0 0.0 0.013 0.0 0.0 0.0 0.0 0.0 0.0 0.0 0.0027 0.0 0.0 0.0 0.0 0.0 0.0 0.0 0.0 0.0 0.0 0.0 0.9843 0.0
2332274877 0.0433 0.0153 0.0038 0.0337 0.0484 0.0 0.0056 0.0038 0.0 0.0002 0.0006 0.0343 0.0067 0.0051 0.1548 0.0033 0.013 0.0014 0.0545 0.0507 0.0103 0.1551 0.0084 0.3398 0.0078
2153541462 0.0 0.0 0.0 0.0102 0.0 0.0 0.0 0.0 0.0 0.0 0.0 0.0033 0.0 0.0 0.0 0.0 0.0 0.0 0.0 0.0 0.0 0.0 0.0 0.9865 0.0
1266258725 0.0355 0.008 0.0023 0.05 0.026 0.0003 0.0038 0.0028 0.0002 0.0004 0.0014 0.0428 0.0029 0.0023 0.2095 0.003 0.0122 0.0019 0.0311 0.0367 0.007 0.1223 0.0069 0.3828 0.0077
1750380535 0.0332 0.0173 0.0018 0.047 0.046 0.0003 0.0084 0.0059 0.0001 0.001 0.0015 0.0369 0.006 0.0033 0.1797 0.0041 0.0164 0.0027 0.0459 0.0476 0.0103 0.1491 0.0081 0.3173 0.0103
1419705341 0.0436 0.0102 0.0015 0.0469 0.0273 0.0007 0.0073 0.0029 0.0 0.0007 0.0011 0.0458 0.0033 0.0015 0.2105 0.0025 0.0171 0.0007 0.0189 0.048 0.0033 0.1251 0.0055 0.3662 0.0095
1490349185 0.0312 0.0115 0.0041 0.0298 0.036 0.0021 0.0079 0.0043 0.0 0.001 0.0022 0.0308 0.0035 0.0157 0.1716 0.0043 0.011 0.0015 0.0349 0.0423 0.008 0.1187 0.0081 0.4111 0.0086
1408213571 0.0307 0.0148 0.0031 0.0293 0.0501 0.0002 0.0079 0.0045 0.0001 0.0013 0.0018 0.0359 0.0068 0.004 0.176 0.0046 0.0161 0.0018 0.0547 0.0487 0.0109 0.1636 0.0117 0.3127 0.0086
1188667237 0.0454 0.0187 0.0005 0.0154 0.0867 0.0 0.0134 0.004 0.0 0.0 0.0015 0.0499 0.0081 0.0025 0.1291 0.0048 0.0154 0.0035 0.0618 0.0961 0.026 0.1725 0.0164 0.2179 0.0106
1399514363 0.0281 0.0088 0.0033 0.0484 0.0428 0.0006 0.0062 0.0036 0.0 0.0005 0.0011 0.0353 0.004 0.0058 0.1524 0.0053 0.0163 0.0021 0.0551 0.0522 0.0171 0.1681 0.0085 0.3252 0.0088
2022489391 0.032 0.0168 0.0021 0.0472 0.0472 0.0005 0.0076 0.0068 0.0001 0.0003 0.0028 0.0403 0.0058 0.0009 0.1708 0.0017 0.0196 0.0018 0.0465 0.0497 0.0089 0.1587 0.0061 0.3181 0.0075
1694831243 0.0 0.0 0.0 0.0096 0.0 0.0 0.0 0.0 0.0 0.0 0.0 0.0019 0.0 0.0 0.0 0.0 0.0 0.0 0.0 0.0 0.0 0.0 0.0 0.9885 0.0
1970937917 0.0225 0.0067 0.0008 0.1143 0.0384 0.0 0.0117 0.0017 0.0 0.0008 0.0042 0.0642 0.01 0.0017 0.1643 0.0008 0.0392 0.0008 0.0175 0.0375 0.0075 0.1176 0.0067 0.3278 0.0033
1830012667 0.0 0.0 0.0 0.029 0.0 0.0 0.0 0.0 0.0 0.0 0.0 0.0051 0.0 0.0 0.0 0.0 0.0 0.0 0.0 0.0 0.0 0.0 0.0 0.9659 0.0
1884642705 0.0 0.0 0.0 0.0112 0.0 0.0 0.0 0.0 0.0 0.0 0.0 0.0022 0.0 0.0 0.0 0.0 0.0 0.0 0.0 0.0 0.0 0.0 0.0 0.9866 0.0
1644999073 0.0277 0.0127 0.0027 0.0323 0.0398 0.0006 0.0078 0.0027 0.0 0.0004 0.0021 0.0268 0.0043 0.0073 0.209 0.0047 0.0096 0.0014 0.0481 0.0421 0.0055 0.1291 0.0135 0.3626 0.0074
1693332781 0.0 0.0 0.0 0.019 0.0 0.0 0.0 0.0 0.0 0.0 0.0 0.0018 0.0 0.0 0.0 0.0 0.0 0.0 0.0 0.0 0.0 0.0 0.0 0.9793 0.0
1865371744 0.0 0.0 0.0 0.0203 0.0 0.0 0.0 0.0 0.0 0.0 0.0 0.0031 0.0 0.0 0.0 0.0 0.0 0.0 0.0 0.0 0.0 0.0 0.0 0.9765 0.0
1259989582 0.0 0.0 0.0 0.0101 0.0 0.0 0.0 0.0 0.0 0.0 0.0 0.0026 0.0 0.0 0.0 0.0 0.0 0.0 0.0 0.0 0.0 0.0 0.0 0.9873 0.0
1380237993 0.0289 0.0134 0.0023 0.0374 0.0458 0.0003 0.0079 0.0035 0.0 0.0005 0.0013 0.0374 0.005 0.0045 0.1591 0.0044 0.0145 0.0034 0.0591 0.0524 0.0085 0.1496 0.0099 0.3388 0.012
1723969525 0.032 0.0139 0.0038 0.0265 0.0461 0.0002 0.0085 0.0035 0.0 0.0014 0.0016 0.0378 0.0066 0.0024 0.1971 0.0042 0.0155 0.002 0.0498 0.0508 0.0114 0.1513 0.0109 0.3151 0.0074
2178967260 0.0335 0.0089 0.0024 0.0442 0.0358 0.0006 0.0073 0.0043 0.0 0.0004 0.0033 0.0337 0.0051 0.009 0.1647 0.0038 0.0114 0.0012 0.0367 0.0366 0.0056 0.1247 0.0099 0.4094 0.0073
1787483945 0.0821 0.0051 0.0015 0.0276 0.0259 0.0 0.0041 0.0019 0.0 0.0002 0.0009 0.0267 0.0032 0.0017 0.1994 0.0024 0.0075 0.0034 0.0314 0.0327 0.0045 0.1586 0.0053 0.368 0.006
2745984275 0.0309 0.0148 0.0017 0.0385 0.0436 0.0 0.0091 0.0059 0.0002 0.0006 0.0013 0.0356 0.0049 0.0027 0.1759 0.0019 0.0193 0.0015 0.0599 0.0561 0.0085 0.1751 0.0095 0.2937 0.0089
1779025641 0.0 0.0 0.0 0.0112 0.0 0.0 0.0 0.0 0.0 0.0 0.0 0.0033 0.0 0.0 0.0 0.0 0.0 0.0 0.0 0.0 0.0 0.0 0.0 0.9855 0.0
1840857447 0.0327 0.0121 0.0021 0.0409 0.0492 0.0009 0.0069 0.0044 0.0 0.0002 0.0014 0.0382 0.0064 0.0098 0.1588 0.004 0.0151 0.002 0.0577 0.0466 0.0101 0.1559 0.0113 0.3258 0.0074
1822287751 0.028 0.0115 0.0024 0.0736 0.0454 0.0002 0.0074 0.0041 0.0001 0.0002 0.002 0.0425 0.0061 0.0046 0.1626 0.0041 0.0137 0.0015 0.0538 0.0395 0.0107 0.1432 0.0084 0.3274 0.0069
2326043360 0.0 0.0 0.0 0.0071 0.0 0.0 0.0 0.0 0.0 0.0 0.0 0.0026 0.0 0.0 0.0 0.0 0.0 0.0 0.0 0.0 0.0 0.0 0.0 0.9903 0.0
1846215535 0.0404 0.0105 0.0023 0.0474 0.0421 0.0 0.0081 0.0046 0.0003 0.0015 0.0006 0.0331 0.0038 0.0015 0.2019 0.002 0.0131 0.0046 0.0395 0.0535 0.0105 0.1543 0.0081 0.308 0.0084
2042518217 0.0349 0.0089 0.0024 0.0452 0.0402 0.0011 0.0047 0.0044 0.0 0.0006 0.004 0.027 0.0058 0.0103 0.1501 0.0021 0.0117 0.0009 0.0509 0.0387 0.0112 0.1475 0.0103 0.3773 0.0095
1939097570 0.0 0.0 0.0 0.004 0.0 0.0 0.0 0.0 0.0 0.0 0.0 0.0013 0.0 0.0 0.0 0.0 0.0 0.0 0.0 0.0 0.0 0.0 0.0 0.9947 0.0
2878182192 0.0449 0.0056 0.0112 0.0955 0.0337 0.0 0.0 0.0 0.0 0.0056 0.0 0.0337 0.0225 0.0 0.1348 0.0056 0.0225 0.0 0.073 0.0674 0.0 0.1461 0.0169 0.2753 0.0056
1733373891 0.0421 0.0099 0.0014 0.0566 0.0386 0.0003 0.0044 0.0028 0.0 0.001 0.0009 0.0393 0.0046 0.0135 0.1713 0.0051 0.0123 0.0019 0.05 0.0463 0.0073 0.1336 0.0105 0.3366 0.0096
1827085111 0.0403 0.0188 0.0027 0.0404 0.0427 0.0004 0.0078 0.0045 0.0 0.0009 0.0017 0.0368 0.0053 0.0024 0.1853 0.007 0.0208 0.0032 0.0536 0.0598 0.007 0.1534 0.0062 0.2941 0.0048
1848145217 0.0 0.0 0.0 0.0063 0.0 0.0 0.0 0.0 0.0 0.0 0.0 0.002 0.0 0.0 0.0 0.0 0.0 0.0 0.0 0.0 0.0 0.0 0.0 0.9917 0.0
1646674681 0.0425 0.0088 0.0017 0.0436 0.0325 0.0005 0.005 0.0031 0.0 0.0009 0.0023 0.0221 0.0032 0.0119 0.1734 0.0038 0.0076 0.0008 0.0306 0.0323 0.0038 0.1202 0.0135 0.4274 0.0084
2642708364 0.042 0.0103 0.0036 0.0436 0.0463 0.0016 0.0049 0.0036 0.0 0.001 0.0017 0.043 0.0049 0.0041 0.1666 0.0078 0.0139 0.0023 0.0545 0.0455 0.0048 0.1583 0.0114 0.3189 0.0056
1690594243 0.0476 0.0286 0.0 0.0571 0.0619 0.0 0.0048 0.0 0.0 0.0 0.0 0.0571 0.0048 0.0143 0.1905 0.0095 0.0143 0.0 0.0524 0.0429 0.019 0.1381 0.0 0.2571 0.0
1918820434 0.0 0.0 0.0 0.0101 0.0 0.0 0.0 0.0 0.0 0.0 0.0 0.0027 0.0 0.0 0.0 0.0 0.0 0.0 0.0 0.0 0.0 0.0 0.0 0.9872 0.0
1082597634 0.0 0.0 0.0 0.007 0.0 0.0 0.0 0.0 0.0 0.0 0.0 0.0019 0.0 0.0 0.0 0.0 0.0 0.0 0.0 0.0 0.0 0.0 0.0 0.9911 0.0
2346041504 0.0361 0.0083 0.0034 0.0258 0.0377 0.0005 0.0039 0.0029 0.0 0.0002 0.0016 0.0278 0.0052 0.0125 0.1495 0.0033 0.0103 0.0004 0.0547 0.0437 0.0144 0.148 0.0095 0.3888 0.0114
1776687803 0.0353 0.0107 0.0016 0.0365 0.0397 0.0006 0.0053 0.0034 0.0 0.0005 0.0018 0.0464 0.0032 0.0095 0.1882 0.0042 0.0087 0.0011 0.0335 0.0375 0.0068 0.1334 0.0089 0.3748 0.0085
1689493830 0.0286 0.0218 0.0027 0.0253 0.0479 0.0003 0.0112 0.0045 0.0 0.0007 0.0021 0.0396 0.0053 0.0026 0.2243 0.0048 0.0216 0.002 0.038 0.0562 0.0129 0.1515 0.0072 0.2806 0.008
1761052685 0.0543 0.0102 0.0028 0.0361 0.0444 0.0003 0.0064 0.0035 0.0 0.0007 0.0012 0.0441 0.0062 0.0055 0.1962 0.0062 0.0147 0.0029 0.0538 0.0533 0.0105 0.1699 0.0084 0.2628 0.0056
1879448450 0.0 0.0 0.0 0.0153 0.0 0.0 0.0 0.0 0.0 0.0 0.0 0.0033 0.0 0.0 0.0 0.0 0.0 0.0 0.0 0.0 0.0 0.0 0.0 0.9814 0.0
2375564462 0.0355 0.0224 0.0021 0.012 0.0678 0.0006 0.009 0.0059 0.0001 0.0006 0.0014 0.0318 0.0055 0.0022 0.1906 0.0041 0.0189 0.0037 0.0557 0.0685 0.0173 0.1749 0.0096 0.2539 0.0061
1761866501 0.0373 0.0084 0.002 0.0358 0.0389 0.0 0.0045 0.0022 0.0 0.0008 0.0013 0.0358 0.0038 0.0082 0.1899 0.002 0.0099 0.0011 0.0443 0.0361 0.0047 0.1463 0.0075 0.3682 0.0111
1888972903 0.0338 0.0162 0.0023 0.0406 0.0566 0.0005 0.0088 0.0059 0.0 0.001 0.0016 0.0293 0.0059 0.0051 0.1501 0.0056 0.017 0.0022 0.0522 0.0581 0.01 0.163 0.0108 0.3122 0.0111
2038083370 0.0573 0.0111 0.0032 0.0462 0.0382 0.0 0.0048 0.0016 0.0 0.0032 0.0016 0.0478 0.0096 0.0032 0.172 0.0016 0.0096 0.0 0.0494 0.0605 0.0064 0.1624 0.0127 0.2914 0.0064
1678550822 0.0364 0.0172 0.0024 0.0212 0.0608 0.0002 0.0094 0.0048 0.0 0.0009 0.0016 0.0339 0.0084 0.0028 0.1622 0.0047 0.0185 0.0028 0.0605 0.0611 0.0139 0.1721 0.0119 0.2829 0.0093
1973302145 0.0452 0.0108 0.0027 0.0154 0.0615 0.0009 0.0072 0.0036 0.0 0.0018 0.0018 0.0163 0.0036 0.0217 0.1881 0.0045 0.009 0.0009 0.0271 0.047 0.0036 0.1483 0.0081 0.3671 0.0036
1998039423 0.0 0.0 0.0 0.0121 0.0 0.0 0.0 0.0 0.0 0.0 0.0 0.0017 0.0 0.0 0.0 0.0 0.0 0.0 0.0 0.0 0.0 0.0 0.0 0.9861 0.0
2394189127 0.0397 0.009 0.0022 0.049 0.0427 0.0002 0.0067 0.0041 0.0 0.0004 0.002 0.0364 0.0065 0.0062 0.1683 0.0031 0.0128 0.0011 0.0373 0.04 0.0087 0.1415 0.0097 0.3638 0.0087
1656998315 0.037 0.019 0.0036 0.0297 0.059 0.0002 0.0112 0.0053 0.0001 0.0015 0.0021 0.0422 0.0056 0.0016 0.2018 0.0043 0.0216 0.0025 0.0515 0.0674 0.0151 0.1758 0.0061 0.2279 0.0079
1926872610 0.0427 0.0116 0.0023 0.0269 0.0578 0.0001 0.0057 0.0026 0.0 0.0004 0.0015 0.0378 0.0043 0.0062 0.1652 0.0031 0.0132 0.0016 0.0546 0.0427 0.0074 0.1375 0.0093 0.3577 0.0076
1831730911 0.0389 0.0201 0.0029 0.017 0.0652 0.0003 0.0102 0.0057 0.0 0.0008 0.0011 0.0387 0.0066 0.0031 0.2018 0.0051 0.0147 0.0023 0.0496 0.0667 0.0144 0.1588 0.0118 0.2553 0.009
2132133114 0.0493 0.014 0.0035 0.0543 0.0468 0.0 0.004 0.006 0.0 0.0 0.001 0.0458 0.006 0.0055 0.1679 0.0025 0.0169 0.0025 0.0429 0.0478 0.0045 0.157 0.0065 0.3099 0.0055
1910439580 0.0276 0.0105 0.0024 0.0201 0.0403 0.0008 0.0075 0.0032 0.0 0.0008 0.0025 0.0301 0.0044 0.0061 0.1913 0.0044 0.0129 0.002 0.0386 0.0463 0.0077 0.1401 0.0108 0.3811 0.0082
1683475940 0.0401 0.0159 0.0033 0.0306 0.0525 0.0001 0.0081 0.0078 0.0 0.001 0.0019 0.0487 0.007 0.0022 0.1723 0.0035 0.02 0.0018 0.0524 0.06 0.0155 0.1609 0.0123 0.2718 0.0102
2640681253 0.0 0.0 0.0 0.0188 0.0 0.0 0.0 0.0 0.0 0.0 0.0 0.0025 0.0 0.0 0.0 0.0 0.0 0.0 0.0 0.0 0.0 0.0 0.0 0.9786 0.0
1705971903 0.0311 0.0102 0.0027 0.0424 0.051 0.0003 0.0067 0.0045 0.0 0.001 0.0017 0.0383 0.0055 0.0015 0.2001 0.004 0.0154 0.0022 0.0622 0.0548 0.0074 0.1503 0.009 0.29 0.0079
2731241171 0.0276 0.0214 0.0033 0.037 0.0557 0.0001 0.0099 0.0083 0.0001 0.0008 0.0022 0.0402 0.0073 0.0031 0.188 0.0034 0.0187 0.0028 0.056 0.0594 0.0125 0.1621 0.006 0.2663 0.0078
1821064392 0.0266 0.0106 0.0017 0.0404 0.0408 0.0022 0.0062 0.003 0.0001 0.001 0.0017 0.0304 0.0059 0.0063 0.1788 0.0038 0.0128 0.0017 0.0415 0.0427 0.0062 0.1357 0.0102 0.3814 0.0084
1966099155 0.0359 0.0115 0.0019 0.0604 0.0391 0.0003 0.0027 0.0021 0.0 0.0014 0.0014 0.0424 0.0063 0.0065 0.1631 0.0033 0.0138 0.0008 0.0457 0.0391 0.0055 0.122 0.0133 0.3737 0.0078
2723679407 0.0 0.0 0.0 0.0101 0.0 0.0 0.0 0.0 0.0 0.0 0.0 0.0021 0.0 0.0 0.0 0.0 0.0 0.0 0.0 0.0 0.0 0.0 0.0 0.9878 0.0
1732061561 0.0403 0.0188 0.0023 0.029 0.0487 0.0001 0.0071 0.0059 0.0 0.001 0.0014 0.0326 0.0081 0.0136 0.1541 0.0038 0.0135 0.0019 0.065 0.0588 0.0111 0.1489 0.02 0.3044 0.01
2138985823 0.0258 0.0078 0.0017 0.0444 0.0417 0.0004 0.0052 0.0029 0.0 0.0006 0.0013 0.028 0.0046 0.0065 0.1649 0.0032 0.0129 0.0014 0.0435 0.0414 0.0105 0.1224 0.0122 0.4051 0.0115
1397436361 0.0306 0.0113 0.0029 0.0344 0.0369 0.001 0.0067 0.0028 0.0002 0.0005 0.0023 0.035 0.0042 0.014 0.1672 0.0046 0.0109 0.0016 0.0353 0.0438 0.008 0.1299 0.015 0.3905 0.0104
1686183843 0.0307 0.0099 0.002 0.0538 0.0337 0.0018 0.0045 0.0104 0.0001 0.0006 0.0028 0.0368 0.0031 0.0063 0.1883 0.0016 0.0171 0.0018 0.0357 0.041 0.0106 0.1302 0.0108 0.3597 0.0066
1134000781 0.0 0.0 0.0 0.0087 0.0 0.0 0.0 0.0 0.0 0.0 0.0 0.0024 0.0 0.0 0.0 0.0 0.0 0.0 0.0 0.0 0.0 0.0 0.0 0.9889 0.0
1914658991 0.033 0.0232 0.003 0.0261 0.0565 0.0001 0.0084 0.0033 0.0001 0.0009 0.0016 0.0455 0.0047 0.0006 0.1787 0.0028 0.0255 0.0037 0.0662 0.0684 0.0123 0.1674 0.0065 0.2544 0.0071
1824946393 0.0 0.0 0.0 0.0197 0.0 0.0 0.0 0.0 0.0 0.0 0.0 0.0028 0.0 0.0 0.0 0.0 0.0 0.0 0.0 0.0 0.0 0.0 0.0 0.9775 0.0
1851810351 0.0282 0.0083 0.0018 0.0444 0.0309 0.0025 0.0092 0.0025 0.0002 0.0006 0.0027 0.0255 0.0043 0.0138 0.1766 0.0043 0.0101 0.0024 0.0278 0.0343 0.0061 0.1166 0.01 0.4301 0.0069
1633445927 0.0 0.0 0.0 0.0607 0.0 0.0 0.0 0.0 0.0 0.0 0.0 0.0066 0.0 0.0 0.0 0.0 0.0 0.0 0.0 0.0 0.0 0.0 0.0 0.9326 0.0
1764614685 0.0463 0.0131 0.0022 0.0343 0.0487 0.0002 0.0084 0.004 0.0 0.0006 0.0019 0.0301 0.0055 0.0157 0.1559 0.005 0.0146 0.0017 0.0473 0.0521 0.0095 0.1715 0.0071 0.3168 0.0076
1337945710 0.0359 0.0144 0.0014 0.0319 0.045 0.0002 0.0083 0.0038 0.0 0.0007 0.0014 0.0275 0.0045 0.0243 0.1781 0.0031 0.0138 0.0011 0.0462 0.0436 0.0055 0.1306 0.011 0.3611 0.0064
2726860487 0.0433 0.0048 0.0048 0.0231 0.0375 0.0 0.0038 0.0029 0.0 0.001 0.0019 0.0269 0.0019 0.0115 0.1635 0.0019 0.0058 0.0 0.0606 0.0385 0.0058 0.1673 0.0096 0.376 0.0077
1732418343 0.0 0.0 0.0 0.0047 0.0 0.0 0.0 0.0 0.0 0.0 0.0 0.0017 0.0 0.0 0.0 0.0 0.0 0.0 0.0 0.0 0.0 0.0 0.0 0.9936 0.0
1088932842 0.0332 0.0176 0.0027 0.0357 0.0533 0.0008 0.0063 0.0057 0.0 0.0009 0.0015 0.0304 0.0062 0.0114 0.1595 0.0052 0.0152 0.0023 0.0543 0.0539 0.01 0.1661 0.0087 0.3125 0.0064
1135238755 0.0393 0.0158 0.0021 0.0323 0.0571 0.0008 0.0104 0.0039 0.0 0.0005 0.0017 0.0399 0.0075 0.0052 0.151 0.0049 0.0178 0.0024 0.0586 0.0685 0.0126 0.1659 0.0116 0.2814 0.0086
1651056322 0.0 0.0 0.0 0.0131 0.0 0.0 0.0 0.0 0.0 0.0 0.0 0.0034 0.0 0.0 0.0 0.0 0.0 0.0 0.0 0.0 0.0 0.0 0.0 0.9835 0.0
2403584083 0.0 0.0 0.0 0.0102 0.0 0.0 0.0 0.0 0.0 0.0 0.0 0.0017 0.0 0.0 0.0 0.0 0.0 0.0 0.0 0.0 0.0 0.0 0.0 0.9881 0.0
1758564091 0.0 0.0 0.0 0.0093 0.0 0.0 0.0 0.0 0.0 0.0 0.0 0.0035 0.0 0.0 0.0 0.0 0.0 0.0 0.0 0.0 0.0 0.0 0.0 0.9871 0.0
2005046861 0.0337 0.0185 0.0027 0.0285 0.057 0.0001 0.011 0.0083 0.0001 0.0006 0.0024 0.0514 0.0077 0.003 0.186 0.0054 0.0225 0.0035 0.0454 0.0573 0.0137 0.1851 0.0068 0.2418 0.0076
2646755627 0.0404 0.0098 0.002 0.0466 0.037 0.0003 0.0051 0.0026 0.0001 0.0003 0.001 0.0249 0.0045 0.0092 0.1822 0.0026 0.0116 0.0016 0.039 0.0433 0.0075 0.1418 0.0108 0.3647 0.0111
2899597611 0.0475 0.0082 0.0024 0.0619 0.0257 0.0002 0.0017 0.0041 0.0 0.0014 0.0034 0.0276 0.0019 0.0048 0.1894 0.0048 0.0151 0.001 0.0309 0.0422 0.0058 0.1513 0.0053 0.3559 0.0077
2450408930 0.0299 0.0226 0.0021 0.0255 0.0527 0.0009 0.0125 0.0035 0.0001 0.0009 0.0017 0.0392 0.0079 0.0041 0.1629 0.0046 0.0175 0.0024 0.0673 0.0645 0.0133 0.1575 0.0144 0.2802 0.0122
1964352925 0.0 0.0 0.0 0.0095 0.0 0.0 0.0 0.0 0.0 0.0 0.0 0.0026 0.0 0.0 0.0 0.0 0.0 0.0 0.0 0.0 0.0 0.0 0.0 0.9878 0.0
1759557897 0.0404 0.0106 0.0028 0.051 0.0475 0.0007 0.0071 0.0043 0.0 0.0021 0.0043 0.0418 0.0071 0.0007 0.1573 0.005 0.0291 0.0043 0.0673 0.0482 0.0078 0.1651 0.0092 0.2792 0.0071
1934501323 0.0286 0.0075 0.0019 0.0753 0.031 0.0015 0.0049 0.0009 0.0 0.0002 0.0009 0.0303 0.0019 0.0066 0.1448 0.0045 0.0067 0.0008 0.05 0.0339 0.0044 0.1233 0.0172 0.4114 0.0113
2480335940 0.0444 0.0107 0.0025 0.024 0.048 0.0001 0.0066 0.0033 0.0001 0.0013 0.002 0.0412 0.0048 0.0038 0.1956 0.003 0.0159 0.0009 0.0491 0.0501 0.0144 0.1602 0.0155 0.2964 0.0061
1169751061 0.0 0.0 0.0 0.0123 0.0 0.0 0.0 0.0 0.0 0.0 0.0 0.0043 0.0 0.0 0.0 0.0 0.0 0.0 0.0 0.0 0.0 0.0 0.0 0.9834 0.0
2698510800 0.0 0.0 0.0 0.0098 0.0 0.0 0.0 0.0 0.0 0.0 0.0 0.0015 0.0 0.0 0.0 0.0 0.0 0.0 0.0 0.0 0.0 0.0 0.0 0.9887 0.0
2294367725 0.0485 0.0141 0.0026 0.0258 0.045 0.0001 0.0071 0.0037 0.0 0.001 0.007 0.0483 0.0067 0.0032 0.1571 0.0043 0.0185 0.0022 0.0618 0.0564 0.0123 0.1617 0.0071 0.2985 0.0069
1832194490 0.0 0.0 0.0 0.0109 0.0 0.0 0.0 0.0 0.0 0.0 0.0 0.0048 0.0 0.0 0.0 0.0 0.0 0.0 0.0 0.0 0.0 0.0 0.0 0.9843 0.0
2584134547 0.0343 0.0158 0.0025 0.03 0.0551 0.001 0.0054 0.008 0.0001 0.0001 0.0007 0.0312 0.0089 0.0064 0.1329 0.0021 0.0179 0.0037 0.0785 0.0441 0.0082 0.1581 0.0063 0.3358 0.0128
2145557751 0.0309 0.0162 0.0019 0.0532 0.0394 0.0011 0.0075 0.0034 0.0002 0.0017 0.0018 0.0362 0.0053 0.0036 0.1849 0.0031 0.0198 0.0026 0.0422 0.0569 0.009 0.1523 0.0063 0.3147 0.0061
2403739694 0.0339 0.0109 0.0017 0.0295 0.0458 0.0002 0.0062 0.0036 0.0 0.0007 0.0044 0.0345 0.0061 0.0106 0.1584 0.0057 0.0128 0.0017 0.0459 0.0456 0.014 0.1675 0.0112 0.3382 0.0109
1705327891 0.0471 0.0057 0.0014 0.087 0.03 0.0 0.0057 0.0043 0.0 0.0 0.0 0.0699 0.0014 0.0014 0.1926 0.0071 0.01 0.0 0.0328 0.0328 0.0 0.1512 0.0071 0.3096 0.0029
1601449635 0.1594 0.0112 0.0037 0.0224 0.0274 0.0 0.0037 0.0062 0.0 0.0037 0.0 0.0149 0.0012 0.0 0.2117 0.0 0.0087 0.0012 0.0212 0.0224 0.0 0.2142 0.0037 0.2615 0.0012
1809029893 0.0315 0.0257 0.0042 0.0277 0.0596 0.0004 0.0119 0.0042 0.0002 0.0008 0.0015 0.0344 0.007 0.0046 0.199 0.0044 0.0215 0.0025 0.0477 0.065 0.01 0.1625 0.0062 0.2599 0.0075
2085178417 0.0 0.0 0.0 0.0119 0.0 0.0 0.0 0.0 0.0 0.0 0.0 0.0035 0.0 0.0 0.0 0.0 0.0 0.0 0.0 0.0 0.0 0.0 0.0 0.9846 0.0
1807397044 0.0338 0.0105 0.0017 0.0682 0.0368 0.0002 0.0054 0.0034 0.0001 0.0006 0.0021 0.0334 0.0059 0.0115 0.1653 0.0035 0.0154 0.0013 0.0395 0.0384 0.0083 0.1293 0.011 0.363 0.0114
1793200364 0.0339 0.0127 0.0029 0.0532 0.041 0.0004 0.0066 0.0032 0.0 0.0003 0.0014 0.0358 0.0049 0.0046 0.1585 0.0038 0.0163 0.0012 0.0564 0.0465 0.0084 0.1415 0.0122 0.3473 0.0069
1670268851 0.0401 0.0127 0.0026 0.0246 0.043 0.0002 0.0079 0.0038 0.0002 0.0009 0.0028 0.037 0.0053 0.0039 0.1995 0.0045 0.0197 0.0024 0.0459 0.048 0.0101 0.164 0.0095 0.3018 0.0097
1665610720 0.0 0.0 0.0 0.0221 0.0 0.0 0.0 0.0 0.0 0.0 0.0 0.0057 0.0 0.0 0.0 0.0 0.0 0.0 0.0 0.0 0.0 0.0 0.0 0.9722 0.0
1765789531 0.0401 0.0119 0.003 0.0402 0.049 0.0005 0.0064 0.0037 0.0 0.0017 0.003 0.0474 0.0056 0.0026 0.1954 0.0038 0.0175 0.0024 0.045 0.0509 0.0079 0.167 0.0107 0.277 0.0071
1725547754 0.0391 0.0151 0.0042 0.0295 0.0573 0.0004 0.0102 0.0035 0.0 0.0012 0.0015 0.0392 0.0061 0.0018 0.1901 0.0106 0.0236 0.003 0.0683 0.0643 0.0169 0.1782 0.0124 0.2194 0.0045
2012817512 0.047 0.0097 0.0022 0.0396 0.0417 0.0007 0.0069 0.0018 0.0 0.0004 0.0017 0.0353 0.0046 0.0056 0.186 0.0035 0.0127 0.0017 0.0438 0.0488 0.0104 0.1457 0.0165 0.3231 0.0108
2827712472 0.0345 0.0112 0.0031 0.0391 0.0352 0.0008 0.0056 0.0028 0.0001 0.0004 0.0033 0.0296 0.0046 0.0134 0.1606 0.0034 0.0122 0.0011 0.0499 0.0398 0.0073 0.1234 0.0084 0.4029 0.0075
1762029212 0.0 0.0 0.0 0.008 0.0 0.0 0.0 0.0 0.0 0.0 0.0 0.0016 0.0 0.0 0.0 0.0 0.0 0.0 0.0 0.0 0.0 0.0 0.0 0.9903 0.0
2076134957 0.0281 0.0108 0.0019 0.0496 0.0349 0.0001 0.0121 0.0024 0.0 0.0004 0.0009 0.0304 0.0053 0.0158 0.1579 0.0033 0.0202 0.002 0.0547 0.0474 0.0133 0.1265 0.0101 0.3576 0.0144
2126343010 0.0 0.0 0.0 0.0086 0.0 0.0 0.0 0.0 0.0 0.0 0.0 0.0023 0.0 0.0 0.0 0.0 0.0 0.0 0.0 0.0 0.0 0.0 0.0 0.9891 0.0
1590082360 0.0 0.0 0.0 0.0069 0.0 0.0 0.0 0.0 0.0 0.0 0.0 0.0014 0.0 0.0 0.0 0.0 0.0 0.0 0.0 0.0 0.0 0.0 0.0 0.9917 0.0
1251872852 0.0291 0.0146 0.0021 0.0118 0.0609 0.0003 0.0106 0.0048 0.0 0.0 0.0011 0.0366 0.0078 0.0018 0.136 0.0057 0.0269 0.0054 0.0994 0.0728 0.0154 0.2088 0.0164 0.1996 0.032
1866526644 0.0341 0.0115 0.002 0.014 0.0509 0.0002 0.0065 0.0041 0.0 0.0006 0.002 0.0296 0.0053 0.0036 0.1881 0.0037 0.0156 0.003 0.051 0.0527 0.0123 0.1593 0.0116 0.3301 0.0083
1744829985 0.0299 0.0146 0.0021 0.0488 0.0499 0.0014 0.0058 0.0041 0.0 0.0004 0.0014 0.0342 0.0056 0.0054 0.1403 0.0038 0.0151 0.0011 0.0564 0.0495 0.0125 0.1441 0.0078 0.359 0.0068
1613596361 0.0301 0.0132 0.0027 0.0749 0.0371 0.0005 0.0065 0.0028 0.0 0.0009 0.0018 0.0383 0.0049 0.0009 0.205 0.0024 0.0173 0.003 0.0321 0.0525 0.0101 0.133 0.0034 0.3215 0.0049
1131485364 0.0306 0.0071 0.0014 0.0959 0.0374 0.0001 0.0044 0.0051 0.0001 0.0004 0.0053 0.0526 0.0059 0.0048 0.1551 0.0022 0.0133 0.001 0.0382 0.0417 0.0135 0.1364 0.0154 0.3245 0.0078
2097803710 0.0 0.0 0.0 0.0095 0.0 0.0 0.0 0.0 0.0 0.0 0.0 0.0025 0.0 0.0 0.0 0.0 0.0 0.0 0.0 0.0 0.0 0.0 0.0 0.9879 0.0
2548273462 0.0335 0.0189 0.0031 0.0237 0.0739 0.0001 0.0109 0.0071 0.0 0.0004 0.0012 0.0422 0.0071 0.0019 0.1594 0.0044 0.0234 0.0037 0.0569 0.07 0.0144 0.1699 0.0085 0.2547 0.0111
1752671450 0.0476 0.0137 0.0021 0.0458 0.0499 0.0001 0.0045 0.006 0.0 0.0003 0.001 0.0338 0.0071 0.0066 0.1456 0.0033 0.0151 0.0016 0.0575 0.0446 0.0111 0.1598 0.0098 0.3258 0.0072
1646484547 0.0296 0.0136 0.0026 0.0425 0.0405 0.0003 0.0087 0.0033 0.0 0.0008 0.0018 0.0348 0.0054 0.0033 0.1915 0.0043 0.0175 0.0026 0.046 0.0485 0.0088 0.1393 0.0072 0.3405 0.0066
1143641361 0.0 0.0 0.0 0.005 0.0 0.0 0.0 0.0 0.0 0.0 0.0 0.0017 0.0 0.0 0.0 0.0 0.0 0.0 0.0 0.0 0.0 0.0 0.0 0.9933 0.0
1694090980 0.0375 0.0268 0.0028 0.0331 0.0648 0.0004 0.0097 0.006 0.0 0.001 0.001 0.0369 0.0089 0.0033 0.1708 0.0034 0.0211 0.003 0.0725 0.0668 0.013 0.1752 0.0103 0.222 0.0099
2020384603 0.0289 0.014 0.0143 0.0534 0.0394 0.0004 0.0056 0.0031 0.0001 0.0006 0.0021 0.0353 0.0037 0.0036 0.1974 0.0031 0.018 0.0018 0.0399 0.0439 0.0166 0.1327 0.0071 0.3303 0.0047
1621668361 0.0289 0.0198 0.0024 0.0098 0.0576 0.0008 0.0068 0.0047 0.0002 0.001 0.0015 0.031 0.0067 0.0068 0.1919 0.0039 0.019 0.0017 0.0496 0.0537 0.0084 0.1652 0.0116 0.3082 0.0087
2747459272 0.0284 0.0119 0.0022 0.0388 0.0385 0.0005 0.0052 0.0032 0.0002 0.0007 0.002 0.0398 0.0058 0.0104 0.1687 0.0044 0.0108 0.0025 0.0478 0.0355 0.0092 0.1349 0.0116 0.3742 0.0126
1665679181 0.0 0.0 0.0 0.0065 0.0 0.0 0.0 0.0 0.0 0.0 0.0 0.0015 0.0 0.0 0.0 0.0 0.0 0.0 0.0 0.0 0.0 0.0 0.0 0.992 0.0
2273503434 0.0387 0.0092 0.0017 0.0406 0.0338 0.0004 0.0057 0.0026 0.0001 0.0008 0.0017 0.0512 0.0029 0.0021 0.2242 0.0031 0.0157 0.0041 0.0373 0.0377 0.0104 0.1397 0.0063 0.3252 0.0049
1683629213 0.0006 0.0 0.0 0.0176 0.0 0.0 0.0 0.0 0.0 0.0 0.0 0.0073 0.0 0.0 0.0 0.0 0.0 0.0 0.0 0.0 0.0 0.0 0.0 0.9745 0.0
1809687500 0.0363 0.0091 0.0037 0.0246 0.0382 0.0004 0.0055 0.0031 0.0 0.0008 0.0009 0.0249 0.0032 0.0071 0.1767 0.0041 0.0109 0.001 0.0459 0.042 0.0055 0.1407 0.0108 0.3872 0.0174
2898964103 0.0 0.0 0.0 0.0184 0.0 0.0 0.0 0.0 0.0 0.0 0.0 0.0053 0.0 0.0 0.0 0.0 0.0 0.0 0.0 0.0 0.0 0.0 0.0 0.9763 0.0
1547392090 0.0248 0.0 0.0 0.1242 0.0217 0.0 0.0031 0.0 0.0 0.0 0.0 0.0963 0.0 0.0 0.1863 0.0062 0.0186 0.0031 0.0248 0.0217 0.0 0.1211 0.0155 0.3168 0.0155
1811458302 0.0245 0.0089 0.0017 0.0481 0.0311 0.0008 0.0048 0.0032 0.0 0.0003 0.003 0.0235 0.0044 0.0072 0.194 0.0022 0.0199 0.0014 0.064 0.0397 0.0098 0.1277 0.0073 0.3577 0.0148
1411579523 0.0349 0.0145 0.0027 0.0163 0.0522 0.0004 0.0069 0.0055 0.0 0.0006 0.0012 0.0289 0.0051 0.0055 0.1673 0.0037 0.0135 0.0018 0.0438 0.0493 0.0183 0.159 0.0192 0.3359 0.0135
2155007394 0.0374 0.0166 0.0026 0.0244 0.0482 0.0001 0.0062 0.0048 0.0001 0.0009 0.0017 0.0349 0.0083 0.0112 0.1821 0.0041 0.0204 0.0021 0.0473 0.0458 0.008 0.1514 0.0088 0.3202 0.0123
1769479974 0.038 0.0094 0.0064 0.0413 0.0344 0.0001 0.0055 0.0043 0.0 0.0006 0.0009 0.0234 0.004 0.0086 0.166 0.0076 0.0091 0.0013 0.0632 0.044 0.0076 0.1516 0.0151 0.3482 0.0089
1985323651 0.0 0.0 0.0 0.0209 0.0 0.0 0.0 0.0 0.0 0.0 0.0 0.0083 0.0 0.0 0.0 0.0 0.0 0.0 0.0 0.0 0.0 0.0 0.0 0.9708 0.0
1586199920 0.0 0.0 0.0 0.0074 0.0 0.0 0.0 0.0 0.0 0.0 0.0 0.0027 0.0 0.0 0.0 0.0 0.0 0.0 0.0 0.0 0.0 0.0 0.0 0.9899 0.0
1577291254 0.0277 0.0154 0.0021 0.0555 0.0472 0.0004 0.007 0.0045 0.0 0.0008 0.0021 0.0368 0.005 0.0056 0.1606 0.0043 0.0148 0.0017 0.0462 0.0502 0.0063 0.14 0.0102 0.3479 0.0078
2784718953 0.0525 0.0104 0.0018 0.032 0.0406 0.0 0.0064 0.004 0.0 0.0012 0.0025 0.0318 0.0046 0.0048 0.1815 0.0056 0.014 0.0014 0.0558 0.0443 0.0063 0.1585 0.0094 0.3218 0.0088
1797961884 0.0422 0.0099 0.0023 0.0338 0.0349 0.0001 0.0036 0.0046 0.0 0.001 0.002 0.0272 0.0043 0.0035 0.1674 0.0033 0.0136 0.0015 0.0509 0.0557 0.0073 0.1435 0.0191 0.3545 0.0138
1882376657 0.0 0.0 0.0 0.0165 0.0 0.0 0.0 0.0 0.0 0.0 0.0 0.0034 0.0 0.0 0.0 0.0 0.0 0.0 0.0 0.0 0.0 0.0 0.0 0.9801 0.0
1886100773 0.0408 0.0129 0.0015 0.0344 0.0446 0.0002 0.0083 0.0027 0.0 0.0009 0.0006 0.0366 0.0071 0.0042 0.1608 0.0026 0.0143 0.0018 0.0588 0.0509 0.0078 0.157 0.0155 0.326 0.0098
1891141644 0.0332 0.0097 0.0044 0.0563 0.0398 0.0004 0.006 0.0045 0.0 0.0007 0.0009 0.0256 0.006 0.0144 0.1472 0.0038 0.0101 0.0008 0.0412 0.0395 0.0076 0.1388 0.0129 0.3856 0.0105
1846054362 0.0327 0.0163 0.0026 0.0292 0.0531 0.0006 0.0083 0.0043 0.0001 0.0007 0.0019 0.0338 0.0058 0.0069 0.1679 0.0045 0.0171 0.002 0.0691 0.0565 0.0123 0.1571 0.0137 0.2937 0.0098
1244855447 0.0 0.0 0.0 0.0104 0.0 0.0 0.0 0.0 0.0 0.0 0.0 0.0029 0.0 0.0 0.0 0.0 0.0 0.0 0.0 0.0 0.0 0.0 0.0 0.9866 0.0
2173503857 0.0 0.0 0.0 0.0106 0.0 0.0 0.0 0.0 0.0 0.0 0.0 0.0021 0.0 0.0 0.0 0.0 0.0 0.0 0.0 0.0 0.0 0.0 0.0 0.9873 0.0
1998469922 0.0377 0.0236 0.0047 0.0366 0.0636 0.0003 0.0099 0.0049 0.0 0.0004 0.0011 0.039 0.008 0.0033 0.159 0.0058 0.0195 0.002 0.0679 0.0633 0.0113 0.1705 0.0127 0.2464 0.0084
2011048912 0.0348 0.0126 0.0022 0.0266 0.0413 0.0004 0.006 0.0031 0.0 0.0005 0.0023 0.029 0.0048 0.0042 0.1939 0.0046 0.0156 0.0022 0.047 0.0465 0.0099 0.1526 0.0081 0.339 0.0128
1742143837 0.0 0.0 0.0 0.0095 0.0 0.0 0.0 0.0 0.0 0.0 0.0 0.0018 0.0 0.0 0.0 0.0 0.0 0.0 0.0 0.0 0.0 0.0 0.0 0.9887 0.0
1710869837 0.0 0.0 0.0 0.0129 0.0 0.0 0.0 0.0 0.0 0.0 0.0 0.0022 0.0 0.0 0.0 0.0 0.0 0.0 0.0 0.0 0.0 0.0 0.0 0.9849 0.0
2821942763 0.0 0.0 0.0 0.0256 0.0 0.0 0.0 0.0 0.0 0.0 0.0 0.0036 0.0 0.0 0.0 0.0 0.0 0.0 0.0 0.0 0.0 0.0 0.0 0.9708 0.0
1820153443 0.0 0.0 0.0 0.0067 0.0 0.0 0.0 0.0 0.0 0.0 0.0 0.0017 0.0 0.0 0.0 0.0 0.0 0.0 0.0 0.0 0.0 0.0 0.0 0.9916 0.0
1412470877 0.0324 0.0168 0.0033 0.02 0.057 0.0001 0.0106 0.0052 0.0001 0.0014 0.0045 0.0331 0.0056 0.0043 0.1783 0.0049 0.0174 0.0028 0.0508 0.0601 0.013 0.1676 0.0108 0.2888 0.011
2703712604 0.0558 0.0116 0.002 0.0539 0.0355 0.0003 0.0056 0.0041 0.0 0.0006 0.0025 0.0388 0.0045 0.0017 0.2026 0.0024 0.016 0.0035 0.03 0.0411 0.008 0.1514 0.0056 0.3151 0.0072
2594546540 0.0297 0.0183 0.0025 0.0564 0.051 0.0003 0.0063 0.0041 0.0 0.0013 0.0032 0.0351 0.0065 0.0071 0.1653 0.0053 0.0153 0.0016 0.0524 0.0488 0.0086 0.1589 0.013 0.2984 0.0104
1676334675 0.0371 0.0187 0.0022 0.0441 0.0471 0.0001 0.0084 0.0035 0.0002 0.0012 0.0011 0.0347 0.0048 0.0052 0.1793 0.0043 0.0148 0.0022 0.0412 0.048 0.0094 0.1655 0.0061 0.312 0.0088
1783152057 0.0324 0.0141 0.0018 0.0213 0.0502 0.0006 0.0096 0.0038 0.0 0.0007 0.0019 0.033 0.0066 0.0106 0.1578 0.0063 0.0176 0.0037 0.0601 0.0557 0.0138 0.1586 0.0096 0.3219 0.0082
1760227022 0.0347 0.0131 0.0013 0.0394 0.0474 0.0004 0.0063 0.0042 0.0 0.0008 0.0038 0.044 0.0102 0.0034 0.1663 0.0038 0.0114 0.0025 0.0381 0.055 0.0135 0.1523 0.0127 0.322 0.0131
2894613241 0.056 0.0127 0.0061 0.026 0.0456 0.0 0.0055 0.0043 0.0 0.0008 0.0009 0.0309 0.0052 0.0142 0.1881 0.0039 0.0126 0.0018 0.0516 0.0439 0.0099 0.1599 0.0073 0.3041 0.0087
2215734012 0.0368 0.0121 0.0028 0.0212 0.0462 0.0004 0.0056 0.0051 0.0001 0.0015 0.001 0.0311 0.0063 0.0051 0.1816 0.0044 0.0151 0.0018 0.05 0.0482 0.0114 0.1659 0.0092 0.3297 0.0075
1744818681 0.0 0.0 0.0 0.0119 0.0 0.0 0.0 0.0 0.0 0.0 0.0 0.0032 0.0 0.0 0.0 0.0 0.0 0.0 0.0 0.0 0.0 0.0 0.0 0.9849 0.0
1886344671 0.0 0.0 0.0 0.0183 0.0 0.0 0.0 0.0 0.0 0.0 0.0 0.0024 0.0 0.0 0.0001 0.0 0.0 0.0 0.0 0.0 0.0 0.0 0.0 0.9792 0.0
2685031983 0.0 0.0 0.0 0.0212 0.0 0.0 0.0 0.0 0.0 0.0 0.0 0.0095 0.0 0.0 0.0 0.0 0.0 0.0 0.0 0.0 0.0 0.0 0.0 0.9693 0.0
2694514545 0.0331 0.0114 0.0031 0.0199 0.0518 0.0003 0.0055 0.005 0.0 0.0011 0.0012 0.022 0.0077 0.0139 0.1701 0.0028 0.0109 0.002 0.0502 0.0475 0.0064 0.1546 0.012 0.3587 0.0085
1750169161 0.0 0.0 0.0 0.0395 0.0 0.0 0.0 0.0 0.0 0.0 0.0 0.004 0.0 0.0 0.0 0.0 0.0 0.0 0.0 0.0 0.0 0.0 0.0 0.9564 0.0
1757691561 0.0 0.0 0.0 0.0257 0.0 0.0 0.0 0.0 0.0 0.0 0.0 0.004 0.0 0.0 0.0 0.0 0.0 0.0 0.0 0.0 0.0 0.0 0.0 0.9703 0.0
2368820151 0.0 0.0 0.0 0.0046 0.0 0.0 0.0 0.0 0.0 0.0 0.0 0.003 0.0 0.0 0.0 0.0 0.0 0.0 0.0 0.0 0.0 0.0 0.0 0.9924 0.0
2090313081 0.0277 0.0086 0.0033 0.0713 0.0443 0.0 0.0049 0.0061 0.0001 0.0003 0.002 0.036 0.0047 0.0067 0.1465 0.0041 0.0126 0.0016 0.0584 0.0504 0.0089 0.134 0.0093 0.3501 0.0083
1774045213 0.0422 0.0123 0.0027 0.0319 0.0451 0.0003 0.0073 0.0041 0.0 0.0009 0.0022 0.033 0.0052 0.0079 0.1823 0.0042 0.0148 0.0015 0.0412 0.049 0.0091 0.1615 0.0107 0.3222 0.0082
1272131210 0.0299 0.0168 0.0031 0.0225 0.0627 0.0003 0.0092 0.0055 0.0001 0.0003 0.002 0.0404 0.007 0.0052 0.1941 0.0057 0.0171 0.0026 0.0597 0.0633 0.0132 0.1725 0.0126 0.2475 0.0067
1877750162 0.0 0.0 0.0 0.0082 0.0 0.0 0.0 0.0 0.0 0.0 0.0 0.0018 0.0 0.0 0.0 0.0 0.0 0.0 0.0 0.0 0.0 0.0 0.0 0.99 0.0
1716917464 0.0267 0.0172 0.003 0.0351 0.0467 0.0004 0.0087 0.0047 0.0001 0.0005 0.0031 0.0418 0.0063 0.0031 0.1863 0.006 0.0181 0.0031 0.0482 0.0526 0.009 0.1565 0.0108 0.3051 0.0069
1947472367 0.0 0.0 0.0 0.0047 0.0 0.0 0.0 0.0 0.0 0.0 0.0 0.0018 0.0 0.0 0.0 0.0 0.0 0.0 0.0 0.0 0.0 0.0 0.0 0.9935 0.0
1405319907 0.0 0.0 0.0 0.0166 0.0 0.0 0.0 0.0 0.0 0.0 0.0 0.0031 0.0 0.0 0.0 0.0 0.0 0.0 0.0 0.0 0.0 0.0 0.0 0.9803 0.0
1709008327 0.0479 0.0203 0.0033 0.018 0.0485 0.0002 0.0068 0.0053 0.0001 0.0007 0.001 0.0301 0.007 0.0058 0.1699 0.0032 0.018 0.0031 0.0571 0.0548 0.0087 0.1747 0.0069 0.3013 0.0077
1648931881 0.0 0.0 0.0 0.0072 0.0 0.0 0.0 0.0 0.0 0.0 0.0 0.0033 0.0 0.0 0.0 0.0 0.0 0.0 0.0 0.0 0.0 0.0 0.0 0.9896 0.0
1393819597 0.0 0.0 0.0 0.0195 0.0 0.0 0.0 0.0 0.0 0.0 0.0 0.0052 0.0 0.0 0.0 0.0 0.0 0.0 0.0 0.0 0.0 0.0 0.0 0.9753 0.0
1751791731 0.0 0.0 0.0 0.0209 0.0 0.0 0.0 0.0 0.0 0.0 0.0 0.0089 0.0 0.0 0.0 0.0 0.0 0.0 0.0 0.0 0.0 0.0 0.0 0.9702 0.0
1650562925 0.0 0.0 0.0 0.0049 0.0 0.0 0.0 0.0 0.0 0.0 0.0 0.0032 0.0 0.0 0.0 0.0 0.0 0.0 0.0 0.0 0.0 0.0 0.0 0.9918 0.0
2460202940 0.0279 0.0073 0.0021 0.0547 0.0336 0.0009 0.0072 0.0028 0.0001 0.0014 0.0018 0.032 0.0053 0.0067 0.1718 0.0018 0.0084 0.0012 0.0485 0.0346 0.0094 0.1249 0.0104 0.3954 0.0099
1790436907 0.0305 0.0193 0.0022 0.0368 0.0505 0.0003 0.0117 0.0041 0.0001 0.0005 0.0018 0.0425 0.0057 0.0026 0.1995 0.004 0.0165 0.0029 0.0403 0.0592 0.017 0.1566 0.0089 0.2786 0.0079
2129258062 0.0501 0.0113 0.0022 0.0725 0.0421 0.001 0.0048 0.0034 0.0 0.0002 0.0002 0.0554 0.0082 0.0012 0.1502 0.0031 0.0154 0.0017 0.0573 0.045 0.0096 0.1269 0.0125 0.3187 0.007
1645127382 0.0 0.0 0.0 0.0107 0.0 0.0 0.0 0.0 0.0 0.0 0.0 0.0033 0.0 0.0 0.0 0.0 0.0 0.0 0.0 0.0 0.0 0.0 0.0 0.986 0.0
2091957354 0.0 0.0 0.0 0.0095 0.0 0.0 0.0 0.0 0.0 0.0 0.0 0.0015 0.0 0.0 0.0 0.0 0.0 0.0 0.0 0.0 0.0 0.0 0.0 0.989 0.0
1851801487 0.0208 0.0046 0.0013 0.0705 0.0254 0.0004 0.0034 0.0044 0.0 0.0005 0.0014 0.0195 0.0087 0.008 0.1434 0.0018 0.01 0.0007 0.0294 0.0233 0.0026 0.0904 0.0146 0.4907 0.0243
2537379912 0.0899 0.0112 0.0112 0.0674 0.0787 0.0 0.0 0.0 0.0 0.0112 0.0 0.0225 0.0 0.0 0.1236 0.0 0.0112 0.0 0.0337 0.0674 0.0 0.1685 0.0112 0.2921 0.0
2424243971 0.0466 0.0049 0.0 0.0613 0.0343 0.0049 0.0 0.0025 0.0 0.0 0.0098 0.0539 0.0 0.0 0.1667 0.0074 0.0123 0.0025 0.0392 0.0441 0.0074 0.1691 0.0172 0.3113 0.0049
1512363345 0.0393 0.0155 0.0025 0.0122 0.0603 0.0002 0.0096 0.0037 0.0 0.0007 0.0009 0.0335 0.0076 0.0036 0.1592 0.0054 0.0166 0.0028 0.0552 0.0769 0.0172 0.1908 0.012 0.2613 0.0128
2380051601 0.0 0.0 0.0 0.0059 0.0 0.0 0.0 0.0 0.0 0.0 0.0 0.0015 0.0 0.0 0.0 0.0 0.0 0.0 0.0 0.0 0.0 0.0 0.0 0.9926 0.0
1272406014 0.0315 0.0104 0.0017 0.0327 0.043 0.0005 0.0064 0.0044 0.0001 0.0005 0.004 0.0324 0.0054 0.0049 0.1831 0.0036 0.0168 0.0021 0.051 0.0481 0.0099 0.1438 0.0087 0.3474 0.0077
1906656115 0.0 0.0 0.0 0.0127 0.0 0.0 0.0 0.0 0.0 0.0 0.0 0.0017 0.0 0.0 0.0 0.0 0.0 0.0 0.0 0.0 0.0 0.0 0.0 0.9856 0.0
